9
5
4
ADDER 755.0 212.0
ADDER 754.0 363.0
ADDER 754.0 539.0
ADDER 758.0 710.0
17
0 1 1 2
1 1 2 2
2 1 3 2
0 0 4 0
1 0 4 1
2 0 4 2
3 0 4 3
3 1 4 4
4 0 0 0
4 1 1 0
4 2 2 0
4 3 3 0
4 7 3 1
4 6 2 1
4 5 1 1
4 4 0 1
4 8 0 2
6 861.65967 284.25 907.0 286.0 907.0 347.0 729.0 344.0 733.0 440.0 779.0 440.5 
6 860.65967 435.25 911.0 436.0 910.0 506.0 736.0 503.0 738.0 617.0 779.0 616.5 
6 860.65967 611.25 908.0 612.0 906.0 676.0 746.0 676.0 747.0 787.0 783.0 787.5 
4 861.65967 252.75 1272.0 257.0 1267.0 184.0 1670.0 196.0 
4 860.65967 403.75 1311.0 404.0 1311.0 347.0 1670.0 367.0 
4 860.65967 579.75 1311.0 578.0 1311.0 522.0 1670.0 538.0 
4 864.65967 750.75 1355.0 746.0 1354.0 699.0 1670.0 709.0 
4 864.65967 782.25 1394.0 777.0 1394.0 880.0 1670.0 880.0 
4 25.0 128.0 480.0 129.0 481.0 244.0 780.0 247.5 
4 25.0 231.0 453.0 232.0 454.0 393.0 779.0 398.5 
4 25.0 334.0 416.0 333.0 418.0 582.0 779.0 574.5 
4 25.0 437.0 374.0 434.0 375.0 747.0 783.0 745.5 
4 25.0 849.0 298.0 845.0 295.0 763.0 783.0 766.5 
4 25.0 746.0 257.0 744.0 259.0 594.0 779.0 595.5 
4 25.0 643.0 213.0 643.0 213.0 400.0 779.0 419.5 
4 25.0 540.0 157.0 539.0 167.0 257.0 780.0 268.5 
4 25.0 952.0 564.0 944.0 560.0 287.0 780.0 289.5 
