9
7
12
4-BIT-ADDER 769.0 291.0
XOR 306.0 499.0
XOR 305.0 575.0
XOR 303.0 664.0
XOR 300.0 754.0
NOT 1019.0 626.0
NOT 1020.0 682.0
NOT 1020.0 736.0
NOT 1020.0 790.0
AND 1178.0 652.0
AND 1178.0 758.0
AND 1321.0 747.0
34
10 0 11 1
9 0 11 0
11 0 12 6
5 0 9 0
6 0 9 1
7 0 10 0
8 0 10 1
0 3 8 0
0 2 7 0
0 1 6 0
0 0 5 0
0 0 12 0
0 1 12 1
0 2 12 2
0 3 12 3
0 4 12 4
0 0 12 5
12 0 0 0
12 1 0 1
12 2 0 2
12 3 0 3
1 0 0 4
2 0 0 5
3 0 0 6
12 8 0 8
12 4 1 0
12 5 2 0
12 6 3 0
12 7 4 0
4 0 0 7
12 8 3 1
12 8 2 1
12 8 1 1
12 8 4 1
2 1278.0 808.0 1346.0 809.5 
4 1278.0 702.0 1308.0 702.0 1306.0 785.0 1346.0 784.5 
4 1421.0 797.0 1473.0 798.0 1474.0 922.0 1670.0 921.0 
2 1119.0 676.0 1203.0 689.5 
2 1120.0 732.0 1203.0 714.5 
2 1120.0 786.0 1203.0 795.5 
2 1120.0 840.0 1203.0 820.5 
4 919.45337 429.40002 937.0 430.0 940.0 842.0 1045.0 840.0 
4 919.45337 397.0 953.0 396.0 957.0 784.0 1045.0 786.0 
4 919.45337 364.6 969.0 363.0 972.0 730.0 1045.0 732.0 
4 919.45337 332.2 986.0 332.0 991.0 677.0 1044.0 676.0 
4 919.45337 332.2 1302.0 332.0 1303.0 146.0 1670.0 153.0 
4 919.45337 364.6 1370.0 364.0 1370.0 268.0 1670.0 281.0 
2 919.45337 397.0 1670.0 409.0 
4 919.45337 429.40002 1604.0 443.0 1606.0 534.0 1670.0 537.0 
4 919.45337 461.8 1563.0 477.0 1562.0 662.0 1670.0 665.0 
6 919.45337 332.2 1299.0 331.0 1298.0 522.0 1515.0 528.0 1516.0 795.0 1670.0 793.0 
4 25.0 128.0 673.0 127.0 675.0 326.0 794.0 325.0 
4 25.0 231.0 640.0 235.0 641.0 341.0 794.0 343.0 
4 25.0 334.0 613.0 335.0 611.0 358.0 794.0 361.0 
4 25.0 437.0 599.0 441.0 597.0 380.0 794.0 379.0 
5 406.0 549.0 618.0 548.0 618.0 403.0 788.0 398.0 794.0 397.0 
4 405.0 625.0 646.0 622.0 651.0 423.0 794.0 415.0 
4 403.0 714.0 689.0 708.0 692.0 441.0 794.0 433.0 
4 25.0 952.0 760.0 946.0 763.0 471.0 794.0 469.0 
2 25.0 540.0 331.0 536.5 
3 25.0 643.0 120.0 613.0 330.0 612.5 
3 25.0 746.0 123.0 705.0 328.0 701.5 
3 25.0 849.0 120.0 794.0 325.0 791.5 
4 400.0 804.0 723.0 797.0 727.0 454.0 794.0 451.0 
4 25.0 952.0 279.0 950.0 289.0 725.0 328.0 726.5 
4 25.0 952.0 279.0 950.0 291.0 640.0 330.0 637.5 
4 25.0 952.0 278.0 950.0 293.0 562.0 331.0 561.5 
4 25.0 952.0 274.0 951.0 283.0 820.0 325.0 816.5 
