3
2
5
XOR 509.0 304.0
XOR 952.0 316.0
AND 973.0 725.0
AND 520.0 610.0
OR 1158.0 625.0
12
0 0 1 0
1 0 5 0
5 0 0 0
5 1 0 1
5 2 1 1
5 2 2 1
0 0 2 0
5 0 3 0
5 1 3 1
3 0 4 0
2 0 4 1
4 0 5 1
2 609.0 354.0 977.0 353.5 
2 1052.0 366.0 1670.0 368.0 
4 25.0 282.0 353.0 282.0 354.0 341.0 534.0 341.5 
4 25.0 539.0 359.0 541.0 363.0 368.0 534.0 366.5 
4 25.0 796.0 754.0 794.0 759.0 380.0 977.0 378.5 
2 25.0 796.0 998.0 787.5 
4 609.0 354.0 864.0 355.0 851.0 759.0 998.0 762.5 
4 25.0 282.0 317.0 283.0 314.0 639.0 545.0 647.5 
4 25.0 539.0 275.0 538.0 279.0 671.0 545.0 672.5 
2 620.0 660.0 1183.0 662.5 
2 1073.0 775.0 1183.0 687.5 
4 1258.0 675.0 1402.0 678.0 1403.0 714.0 1670.0 711.0 
