7
IN 449.75 382.0 4
IN 453.75 651.0 4
BIT-ADDER 782.05005 347.0
BIT-ADDER 781.05005 471.0
BIT-ADDER 779.05005 593.0
BIT-ADDER 779.05005 715.0
OUT 1134.75 494.0 5
16
2 4 3 2
3 4 4 2
5 4 6 4
5 3 6 3
4 3 6 2
3 3 6 1
2 3 6 0
0 3 5 0
0 2 4 0
3 0 0 1
0 0 2 0
1 0 2 1
1 1 3 1
1 2 4 1
4 4 5 2
1 3 5 1
969.99994 450.0 748.0 450.0 
976.0 578.0 751.0 573.0 
1091.0 777.0 1088.0 624.0 
1060.0 742.0 1059.0 594.0 
1009.00006 617.0 1012.0 564.0 
1011.0 496.0 1010.00006 540.0 
1049.0 373.0 1053.0 506.0 
625.0 483.0 627.0 732.0 
637.0 455.0 637.0 611.0 
648.0 486.0 649.0 427.0 
649.0 400.0 650.0 362.00003 
679.0 670.0 683.0 392.0 
694.0 697.0 697.0 515.0 
716.0 721.0 714.0 638.0 
975.0 692.0 757.0 694.0 
null
