10
IN 580.75 373.0 1
IN 582.75 469.0 1
IN 573.75 566.0 1
XOR 823.71 379.0
XOR 1076.71 399.0
OUT 1279.75 403.0 1
OUT 1465.75 528.0 1
AND 1082.9401 510.0
AND 813.94 597.0
OR 1295.67 524.0
12
0 0 3 0
1 0 3 1
3 2 4 0
2 0 7 1
7 2 9 0
8 2 9 1
9 2 6 0
4 2 5 0
1 0 8 1
0 0 8 0
2 0 4 1
3 2 7 0
761.0 398.0 
741.0 494.0 742.0 425.0 
1007.0 413.0 
724.0 591.0 724.0 548.0 977.0 549.0 
null
1216.0 625.99994 1216.0 569.0 
null
null
744.0 496.0 745.0 640.0 
761.0 397.0 762.0 611.0 
722.0 589.00006 724.0 549.0 977.0 549.0 975.0 439.0 
1004.0 414.0 1004.0 524.0 
